﻿start,end,ioi,seq_code,cv,npvi,ioi_beat,fourier_beat 
60.296,60.664,1.719,BM1,0.17,16.28,0.59,0.6
62.015,62.43,1.53,BM1,,,,
63.545,63.967,1.665,BM1,,,,
65.21,65.589,1.55,BM1,,,,
66.76,67.199,1.793,BM1,,,,
68.553,68.915,1.577,BM1,,,,
70.13,70.566,1.865,BM1,,,,
71.995,72.457,1.59,BM1,,,,
73.585,74.03,1.603,BM1,,,,
75.188,75.471,1.617,BM1,,,,
76.805,77.149,1.879,BM1,,,,
78.684,79.097,1.772,BM1,,,,
80.456,80.855,1.7,BM1,,,,
82.156,82.517,1.526,BM1,,,,
83.682,84.048,1.79,BM1,,,,
85.472,85.896,1.637,BM1,,,,
87.109,87.534,1.639,BM1,,,,
88.748,89.12,1.383,BM1,,,,
90.131,90.393,1.213,BM1,,,,
91.344,91.709,1.773,BM1,,,,
93.117,93.572,1.717,BM1,,,,
94.834,95.113,1.506,BM1,,,,
96.34,96.689,1.878,BM1,,,,
98.218,98.572,1.919,BM1,,,,
100.137,100.564,1.856,BM1,,,,
101.993,102.332,1.802,BM1,,,,
103.795,104.228,2.093,BM1,,,,
105.888,106.283,1.784,BM1,,,,
107.672,108.002,2.031,BM1,,,,
109.703,109.987,1.519,BM1,,,,
111.222,111.426,0.98,BM1,,,,
112.202,112.596,2.764,BM1,,,,
114.966,115.335,1.619,BM1,,,,
116.585,116.948,1.606,BM1,,,,
118.191,118.556,1.757,BM1,,,,
119.948,120.39,,BM1,,,,
,,,,,,,
1.033,1.758,2.12,BM2,0.36,27.36,0.42,1.01
3.153,3.686,2.713,BM2,,,,
5.866,6.305,1.769,BM2,,,,
7.635,8.237,2.108,BM2,,,,
9.743,10.41,2.844,BM2,,,,
12.587,13.111,1.892,BM2,,,,
14.479,15.071,1.852,BM2,,,,
16.331,16.978,2.176,BM2,,,,
18.507,19.167,2.103,BM2,,,,
20.61,21.062,5.242,BM2,,,,
25.852,26.444,2.389,BM2,,,,
28.241,28.74,2.213,BM2,,,,
30.454,31.005,3.014,BM2,,,,
33.468,33.88,4.916,BM2,,,,
38.384,38.803,1.868,BM2,,,,
40.252,40.822,2.126,BM2,,,,
42.378,42.862,2.09,BM2,,,,
44.468,45.1,2.027,BM2,,,,
46.495,47.102,2.201,BM2,,,,
48.696,49.313,2.521,BM2,,,,
51.217,51.839,2.023,BM2,,,,
53.24,53.782,1.752,BM2,,,,
54.992,55.594,2.198,BM2,,,,
57.19,57.838,1.863,BM2,,,,
59.053,59.66,2.168,BM2,,,,
61.221,61.889,1.873,BM2,,,,
63.094,63.675,,BM2,,,,
,,,,,,,
2.954,3.292,1.447,BM3,0.22,23.08,0.62,7.3
4.401,4.832,1.572,BM3,,,,
5.973,6.39,1.551,BM3,,,,
7.524,7.948,1.532,BM3,,,,
9.056,9.445,1.914,BM3,,,,
10.97,11.288,1.473,BM3,,,,
12.443,12.767,1.503,BM3,,,,
13.946,14.334,1.642,BM3,,,,
15.588,15.991,1.891,BM3,,,,
17.479,17.796,1.446,BM3,,,,
18.925,19.257,1.547,BM3,,,,
20.472,20.874,1.692,BM3,,,,
22.164,22.483,0.72,BM3,,,,
22.884,23.179,1.555,BM3,,,,
24.439,24.834,1.706,BM3,,,,
26.145,26.466,2.042,BM3,,,,
28.187,28.531,1.949,BM3,,,,
30.136,30.461,1.632,BM3,,,,
31.768,32.095,1.216,BM3,,,,
32.984,33.362,1.389,BM3,,,,
34.373,34.683,1.455,BM3,,,,
35.828,36.137,1.82,BM3,,,,
37.648,38.041,1.262,BM3,,,,
38.91,39.218,1.363,BM3,,,,
40.273,40.669,1.581,BM3,,,,
41.854,42.176,1.396,BM3,,,,
43.25,43.589,1.271,BM3,,,,
44.521,44.943,1.721,BM3,,,,
46.242,46.649,1.245,BM3,,,,
47.487,47.904,2.463,BM3,,,,
49.95,50.342,1.645,BM3,,,,
51.595,51.932,2.707,BM3,,,,
54.302,54.634,1.533,BM3,,,,
55.835,56.174,1.539,BM3,,,,
57.374,57.777,1.897,BM3,,,,
59.271,59.675,1.688,BM3,,,,
60.959,61.431,,BM3,,,,
,,,,,,,
0.745,1.059,2.986,BM4,0.14,13.4,0.36,1.79
3.731,4.132,2.932,BM4,,,,
6.663,6.898,2.158,BM4,,,,
8.821,9.141,2.353,BM4,,,,
11.174,11.577,2.734,BM4,,,,
13.908,14.265,2.79,BM4,,,,
16.698,17.03,2.092,BM4,,,,
18.79,19.101,2.881,BM4,,,,
21.671,21.98,2.244,BM4,,,,
23.915,24.241,2.366,BM4,,,,
26.281,26.593,2.78,BM4,,,,
29.061,29.465,2.743,BM4,,,,
31.804,32.175,2.705,BM4,,,,
34.509,34.88,2.706,BM4,,,,
37.215,37.545,2.981,BM4,,,,
40.196,40.543,2.266,BM4,,,,
42.462,42.853,2.704,BM4,,,,
45.166,45.447,3.269,BM4,,,,
48.435,48.787,3.516,BM4,,,,
51.951,52.289,3.276,BM4,,,,
55.227,55.665,2.828,BM4,,,,
58.055,58.465,2.788,BM4,,,,
60.843,61.176,3.089,BM4,,,,
63.932,64.253,,BM4,,,,
,,,,,,,
0.187,0.572,1.7,BM5,0.1,7.35,0.57,0.59
1.887,2.363,2.033,BM5,,,,
3.92,4.413,1.717,BM5,,,,
5.637,6.121,1.676,BM5,,,,
7.313,7.959,1.732,BM5,,,,
9.045,9.504,1.763,BM5,,,,
10.808,11.281,1.675,BM5,,,,
12.483,12.828,1.594,BM5,,,,
14.077,14.532,1.798,BM5,,,,
15.875,16.232,1.668,BM5,,,,
17.543,17.906,1.676,BM5,,,,
19.219,19.586,1.479,BM5,,,,
20.698,21.125,1.551,BM5,,,,
22.249,22.696,1.599,BM5,,,,
23.848,24.204,1.513,BM5,,,,
25.361,25.816,1.998,BM5,,,,
27.359,27.725,1.998,BM5,,,,
29.357,29.725,1.903,BM5,,,,
31.26,31.657,2.298,BM5,,,,
33.558,33.939,1.771,BM5,,,,
35.329,35.707,2,BM5,,,,
37.329,37.72,1.821,BM5,,,,
39.15,39.544,1.702,BM5,,,,
40.852,41.309,1.748,BM5,,,,
42.6,42.975,1.789,BM5,,,,
44.389,44.874,1.899,BM5,,,,
46.288,46.675,1.881,BM5,,,,
48.169,48.64,1.662,BM5,,,,
49.831,50.199,1.662,BM5,,,,
51.493,51.976,1.663,BM5,,,,
53.156,53.675,1.615,BM5,,,,
54.771,55.249,1.54,BM5,,,,
56.311,56.75,1.526,BM5,,,,
57.837,58.212,1.477,BM5,,,,
59.314,59.699,1.516,BM5,,,,
60.83,61.233,1.813,BM5,,,,
62.643,63.012,1.878,BM5,,,,
64.521,64.986,1.897,BM5,,,,
66.418,66.827,,BM5,,,,
,,,,,,,
1.483,2.028,3.58,BM6,0.16,18.23,0.32,1.72
5.063,5.675,2.792,BM6,,,,
7.855,8.43,2.894,BM6,,,,
10.749,11.214,2.316,BM6,,,,
13.065,13.634,2.597,BM6,,,,
15.662,16.395,3.215,BM6,,,,
18.877,19.457,2.712,BM6,,,,
21.589,22.225,3.612,BM6,,,,
25.201,25.768,3.976,BM6,,,,
29.177,29.722,3.176,BM6,,,,
32.353,33,2.384,BM6,,,,
34.737,35.351,3.393,BM6,,,,
38.13,38.793,3.997,BM6,,,,
42.127,42.694,3.431,BM6,,,,
45.558,46.116,3.038,BM6,,,,
48.596,49.253,2.96,BM6,,,,
51.556,52.283,3.443,BM6,,,,
54.999,55.715,2.897,BM6,,,,
57.896,58.526,2.458,BM6,,,,
60.354,61.145,2.69,BM6,,,,
63.044,63.744,,BM6,,,,
,,,,,,,
1.81,2.513,3.008,BM7,0.11,11.8,0.37,5.99
4.818,5.585,2.819,BM7,,,,
7.637,8.389,2.655,BM7,,,,
10.292,11.094,3.078,BM7,,,,
13.37,14.222,2.926,BM7,,,,
16.296,17.176,2.697,BM7,,,,
18.993,19.859,2.758,BM7,,,,
21.751,22.393,2.43,BM7,,,,
24.181,25.044,2.997,BM7,,,,
27.178,28.157,3.137,BM7,,,,
30.315,30.917,3.525,BM7,,,,
33.84,34.522,2.503,BM7,,,,
36.343,37.232,2.655,BM7,,,,
38.998,39.821,2.364,BM7,,,,
41.362,42.19,2.84,BM7,,,,
44.202,44.85,2.344,BM7,,,,
46.546,47.273,2.512,BM7,,,,
49.058,49.675,2.657,BM7,,,,
51.715,52.543,2.328,BM7,,,,
54.043,54.866,2.665,BM7,,,,
56.708,57.426,2.568,BM7,,,,
59.276,59.999,,BM7,,,,
,,,,,,,
0.669,1.338,3.417,BM8,0.16,18.23,0.22,2
4.086,4.872,4.323,BM8,,,,
8.409,9.083,3.414,BM8,,,,
11.823,12.475,4.226,BM8,,,,
16.049,16.739,4.093,BM8,,,,
20.142,20.736,3.891,BM8,,,,
24.033,24.718,5.574,BM8,,,,
29.607,30.115,4.221,BM8,,,,
33.828,34.444,4.762,BM8,,,,
38.59,39.211,4.591,BM8,,,,
43.181,43.978,4.89,BM8,,,,
48.071,48.745,5.682,BM8,,,,
53.753,54.358,4.987,BM8,,,,
58.74,59.452,3.896,BM8,,,,
62.636,63.278,6.099,BM8,,,,
68.735,69.447,4.458,BM8,,,,
73.193,73.797,3.981,BM8,,,,
77.174,78.024,4.013,BM8,,,,
81.187,81.893,4.58,BM8,,,,
85.767,86.409,3.999,BM8,,,,
89.766,90.386,,BM8,,,,
,,,,,,,
0.583,1.063,2.23,BM9,0.12,15.86,0.42,0.42
2.813,3.42,2.367,BM9,,,,
5.18,5.782,2.324,BM9,,,,
7.504,8.087,2.272,BM9,,,,
9.776,10.378,2.388,BM9,,,,
12.164,12.644,2.124,BM9,,,,
14.288,14.902,2.93,BM9,,,,
17.218,17.674,2.005,BM9,,,,
19.223,19.709,2.592,BM9,,,,
21.815,22.319,2.24,BM9,,,,
24.055,24.59,2.529,BM9,,,,
26.584,27.106,2.292,BM9,,,,
28.876,29.375,2.468,BM9,,,,
31.344,31.806,2.242,BM9,,,,
33.586,34.127,2.119,BM9,,,,
35.705,36.215,2.133,BM9,,,,
37.838,38.294,2.961,BM9,,,,
40.799,41.424,2.381,BM9,,,,
43.18,43.678,2.039,BM9,,,,
45.219,45.735,2.855,BM9,,,,
48.074,48.578,2.982,BM9,,,,
51.056,51.694,2.242,BM9,,,,
53.298,53.772,2.266,BM9,,,,
55.564,56.026,2.084,BM9,,,,
57.648,58.243,2.832,BM9,,,,
60.48,60.96,2.236,BM9,,,,
62.716,63.318,,BM9,,,,
,,,,,,,
1.438,1.928,3.61,BM10,0.16,15.75,0.34,0.74
5.048,5.538,2.706,BM10,,,,
7.754,8.222,2.843,BM10,,,,
10.597,11.045,2.439,BM10,,,,
13.036,13.484,3.034,BM10,,,,
16.07,16.465,2.791,BM10,,,,
18.861,19.287,2.431,BM10,,,,
21.292,21.835,2.684,BM10,,,,
23.976,24.498,2.663,BM10,,,,
26.639,27.065,2.737,BM10,,,,
29.376,29.791,3.259,BM10,,,,
32.635,33.167,2.226,BM10,,,,
34.861,35.372,2.96,BM10,,,,
37.821,38.365,3.671,BM10,,,,
41.492,41.912,3.91,BM10,,,,
45.402,45.866,2.934,BM10,,,,
48.336,48.784,2.624,BM10,,,,
50.96,51.466,2.508,BM10,,,,
53.468,53.989,2.914,BM10,,,,
56.382,56.797,3.147,BM10,,,,
59.529,59.939,3.663,BM10,,,,
63.192,63.559,,BM10,,,,
